0,0,0.110585252294
0,1,0.142678620519
1,0,0.116100189819
1,1,0.0486953897807
2,0,0.0933433022369
2,1,0.194688764115
3,0,0.0970890641849
3,1,0.188495088486
4,0,0.0817723687728
4,1,0.196729579515
5,0,0.108139430611
5,1,0.163061240512
6,0,0.113555906436
6,1,0.131325134124
7,0,0.0939494253419
7,1,0.149159516248
8,0,0.115247898353
8,1,0.110095691555
9,0,0.102072996249
9,1,0.161152320499
10,0,0.109903297789
10,1,0.157414128475
11,0,0.11383264096
11,1,0.110344368353
12,0,0.112735410492
12,1,0.140489803375
13,0,0.10518693243
13,1,0.151163712574
14,0,0.106307755507
14,1,0.0925396565921
15,0,0.0943746779768
15,1,0.19085173052
16,0,0.0960266039598
16,1,0.159184594357
17,0,0.103258955835
17,1,0.149386055439
18,0,0.0999340524689
18,1,0.176163844061
19,0,0.100739569948
19,1,0.185043476509
20,0,0.0692768988089
20,1,-0.182836045376
21,0,0.112701445818
21,1,-0.130433456115
22,0,0.083751440464
22,1,-0.191384850271
23,0,0.113729032571
23,1,-0.10177991901
24,0,0.110688926268
24,1,-0.125102098505
25,0,0.114242602066
25,1,-0.0893458956865
26,0,0.0970522152232
26,1,-0.164513209106
27,0,0.104635890573
27,1,-0.160064069984
28,0,0.113759693068
28,1,-0.122618111484
29,0,0.115782683264
29,1,-0.0796471533422
30,0,0.110430205131
30,1,-0.0164428908457
31,0,0.110196383011
31,1,-0.0950002607338
32,0,0.116328510826
32,1,-0.0791086616501
33,0,0.100825058691
33,1,-0.170759982913
34,0,0.0950443028021
34,1,-0.180936249417
35,0,0.113694528655
35,1,-0.0590052461476
36,0,0.112439188023
36,1,-0.0597959086821
37,0,0.111132918465
37,1,-0.130428067038
38,0,0.0892389672116
38,1,-0.170206933811
39,0,0.0916553938902
39,1,-0.184370576932
40,0,0.11654793651
40,1,-0.0943352506593
41,0,0.125053033069
41,1,-0.0164430344497
42,0,0.119380673579
42,1,0.0174192090337
43,0,0.123293283274
43,1,-0.0166213417148
44,0,0.120711789215
44,1,-0.0182457572466
45,0,0.121590322942
45,1,-0.0223921226742
46,0,0.122964778636
46,1,0.00890601767066
47,0,0.108512136129
47,1,-0.129951107292
48,0,0.121299067912
48,1,-0.0712194826102
49,0,0.102489654233
49,1,0.132718362777
50,0,0.119715864128
50,1,0.0577015558787
51,0,0.115290704186
51,1,0.0102698597494
52,0,0.117394236372
52,1,-0.0372367891294
53,0,0.124154194827
53,1,0.0235254579052
54,0,0.118229634097
54,1,-0.00379955777114
55,0,0.123322884744
55,1,0.0195001187602
56,0,0.114944228183
56,1,0.0734577761355
57,0,0.102870220338
57,1,-0.106294705801
58,0,0.125030181497
58,1,0.0149639752538
59,0,0.107612628925
59,1,-0.130137345426
60,0,0.116142474725
60,1,0.0911509834448
61,0,0.113633703154
61,1,0.0482632724438
62,0,0.123230931115
62,1,-0.0260470771718
63,0,0.125196675847
63,1,0.00872151891455
64,0,0.117746822856
64,1,-0.0470763251695
65,0,0.120415193665
65,1,-0.0776249956576
66,0,0.115058548687
66,1,0.061900094296
67,0,0.119520484208
67,1,0.0586667860871
68,0,0.124080469693
68,1,-0.0273688143661
69,0,0.124496385633
69,1,0.0125100717887
70,0,0.11213428687
70,1,0.00776284553494
71,0,0.121569207867
71,1,0.0581378770863
72,0,0.119250265517
72,1,0.0653044278816
73,0,0.120336328727
73,1,-0.0338074678364
74,0,0.115577972337
74,1,-0.0999973140766
75,0,0.123841713328
75,1,0.0277289475027
76,0,0.1193136486
76,1,-0.0667047728938
77,0,0.118768381536
77,1,-0.0897819735408
78,0,0.120586220094
78,1,-0.0668525860251
79,0,0.116864375079
79,1,-0.0980839392498
