0,0,0.182878592193
0,1,0.385378793653
1,0,0.184865622196
1,1,0.375862255248
2,0,0.189821467759
2,1,0.343152863897
3,0,0.195269970593
3,1,0.298312472573
4,0,0.199118654204
4,1,0.249160499669
5,0,0.201727147197
5,1,0.198766718225
6,0,0.203434254847
6,1,0.150162384535
7,0,0.204473413421
7,1,0.104916373876
8,0,0.205011231412
8,1,0.0636336770854
9,0,0.205180710883
9,1,0.0265133005423
10,0,0.20509092323
10,1,-0.00660690326194
11,0,0.204824540566
11,1,-0.0360341049607
12,0,0.204431580507
12,1,-0.0620999388316
13,0,0.203960519289
13,1,-0.0852331755314
14,0,0.203436581038
14,1,-0.105747573446
15,0,0.202883718454
15,1,-0.124007106072
16,0,0.202315607504
16,1,-0.140277363917
17,0,0.201742982929
17,1,-0.154817621395
18,0,0.201178371069
18,1,-0.167951001214
19,0,0.200628995984
19,1,-0.179913706342
20,0,0.20009810566
20,1,-0.190867516158
21,0,0.199586896409
21,1,-0.200930777265
22,0,0.199095996579
22,1,-0.210211719056
23,0,0.198625861643
23,1,-0.218814813142
24,0,0.198176442398
24,1,-0.226826529424
